------------------------------------------------------------------- 
Name: 00002 
Date: 2021-05-06 
Number of Terminations: 65 
Number of Bifurcations: 22 
------------------------------------------------------------------- 
------------------------------------------------------------------- 
Terminations : 
------------------------------------------------------------------- 
X          Y     Angle 
 81 	  23 	 0.00 
282 	  31 	 -2.09 
118 	  32 	 -0.52 
 35 	  43 	 1.05 
 31 	  53 	 -2.36 
 50 	  74 	 0.79 
149 	  74 	 3.14 
155 	  76 	 0.00 
129 	  84 	 3.14 
139 	  85 	 -0.52 
 42 	  93 	 -2.09 
 91 	  93 	 0.00 
 86 	  97 	 -2.09 
219 	  97 	 2.62 
117 	 109 	 -0.52 
NaN 	 NaN 	 NaN 
 47 	 116 	 -0.52 
147 	 119 	 1.57 
105 	 123 	 0.00 
 10 	 136 	 -2.09 
127 	 139 	 0.00 
210 	 143 	 -0.52 
203 	 145 	 2.09 
 70 	 149 	 2.36 
273 	 150 	 3.14 
 56 	 152 	 2.09 
 86 	 154 	 2.09 
 74 	 159 	 -1.05 
 91 	 159 	 -0.52 
 37 	 168 	 3.14 
117 	 168 	 -0.52 
140 	 168 	 -1.57 
 76 	 180 	 3.14 
252 	 181 	 0.00 
288 	 182 	 3.14 
 25 	 184 	 -1.57 
149 	 192 	 1.57 
 91 	 200 	 -1.05 
204 	 214 	 -1.05 
198 	 215 	 2.36 
247 	 226 	 -2.36 
133 	 228 	 2.62 
139 	 229 	 -2.09 
 94 	 232 	 1.05 
170 	 232 	 2.62 
178 	 232 	 -2.36 
 99 	 238 	 0.00 
254 	 238 	 0.52 
126 	 245 	 0.52 
 12 	 252 	 -1.57 
 43 	 260 	 1.05 
 31 	 261 	 -0.79 
229 	 266 	 0.00 
213 	 269 	 -1.05 
281 	 269 	 -2.09 
 52 	 271 	 -1.57 
NaN 	 NaN 	 NaN 
255 	 275 	 0.52 
 75 	 277 	 0.52 
 54 	 281 	 1.05 
 69 	 284 	 -1.57 
161 	 285 	 1.05 
170 	 287 	 -1.57 
NaN 	 NaN 	 NaN 
 57 	 290 	 -1.57 
------------------------------------------------------------------- 
Bifurcations : 
------------------------------------------------------------------- 
X          Y     Angle 1     Angle 2    Angle 3 
187 	  19 	 2.62 	 	 NaN 	 	 -0.52 
263 	  37 	 3.14 	 	 1.57 	 	 0.00 
 49 	  52 	 -2.36 	 	 2.09 	 	 0.00 
104 	  55 	 3.14 	 	 0.79 	 	 -0.79 
 65 	 116 	 -2.36 	 	 2.09 	 	 -1.05 
 64 	 124 	 2.09 	 	 -1.05 	 	 0.79 
 96 	 131 	 2.09 	 	 -2.09 	 	 0.00 
 47 	 166 	 2.09 	 	 -1.57 	 	 0.00 
 31 	 168 	 2.36 	 	 -1.57 	 	 0.00 
223 	 185 	 2.62 	 	 -1.05 	 	 0.52 
232 	 188 	 -2.62 	 	 2.09 	 	 0.00 
 59 	 199 	 2.36 	 	 -2.09 	 	 0.79 
123 	 210 	 2.36 	 	 -1.57 	 	 0.52 
269 	 219 	 2.62 	 	 0.52 	 	 -0.79 
284 	 221 	 3.14 	 	 2.09 	 	 -0.79 
 24 	 230 	 2.36 	 	 -2.09 	 	 -0.52 
154 	 241 	 2.62 	 	 -1.57 	 	 0.52 
 51 	 247 	 3.14 	 	 1.57 	 	 -0.52 
198 	 250 	 2.62 	 	 -1.57 	 	 0.00 
204 	 255 	 3.14 	 	 2.09 	 	 -0.52 
251 	 260 	 3.14 	 	 -1.05 	 	 0.79 
260 	 271 	 2.62 	 	 -2.36 	 	 -0.79 
