------------------------------------------------------------------- 
Name: 00008 
Date: 2021-05-06 
Number of Terminations: 101 
Number of Bifurcations: 85 
------------------------------------------------------------------- 
------------------------------------------------------------------- 
Terminations : 
------------------------------------------------------------------- 
X          Y     Angle 
195 	  11 	 3.14 
 52 	  13 	 2.36 
108 	  13 	 1.05 
235 	  15 	 1.05 
 26 	  16 	 2.36 
223 	  17 	 3.14 
215 	  18 	 0.52 
148 	  19 	 0.00 
167 	  21 	 -1.05 
227 	  22 	 -0.52 
249 	  23 	 -2.36 
176 	  24 	 0.79 
238 	  24 	 -2.62 
154 	  25 	 1.57 
 97 	  28 	 2.09 
243 	  29 	 0.79 
NaN 	 NaN 	 NaN 
153 	  31 	 3.14 
143 	  32 	 0.52 
216 	  36 	 1.57 
257 	  36 	 -2.09 
287 	  36 	 -1.05 
 84 	  40 	 2.36 
 43 	  47 	 -2.09 
227 	  48 	 -2.62 
 54 	  61 	 -2.36 
NaN 	 NaN 	 NaN 
266 	  63 	 -2.62 
NaN 	 NaN 	 NaN 
180 	  69 	 1.57 
185 	  75 	 -1.57 
NaN 	 NaN 	 NaN 
 58 	  80 	 2.36 
285 	  81 	 1.57 
279 	  85 	 -0.52 
232 	  87 	 -1.57 
189 	  93 	 -1.05 
108 	 105 	 0.79 
168 	 105 	 0.00 
 53 	 110 	 2.09 
 97 	 111 	 1.05 
 20 	 114 	 3.14 
 47 	 117 	 -0.52 
247 	 117 	 1.05 
100 	 125 	 3.14 
171 	 126 	 0.52 
 69 	 127 	 -2.36 
272 	 129 	 1.05 
167 	 132 	 -2.36 
206 	 136 	 -1.05 
119 	 137 	 1.05 
200 	 140 	 2.09 
118 	 152 	 0.00 
234 	 152 	 1.05 
NaN 	 NaN 	 NaN 
225 	 160 	 -2.36 
143 	 165 	 1.05 
108 	 166 	 0.00 
122 	 174 	 1.05 
143 	 174 	 3.14 
 19 	 178 	 -2.36 
273 	 178 	 1.05 
266 	 182 	 -1.05 
 54 	 195 	 -0.79 
129 	 197 	 2.09 
108 	 200 	 1.57 
217 	 206 	 -2.36 
147 	 209 	 0.79 
109 	 210 	 3.14 
272 	 211 	 -2.62 
290 	 212 	 -0.79 
153 	 219 	 0.52 
 13 	 221 	 -2.62 
136 	 224 	 -2.09 
 75 	 225 	 1.57 
124 	 225 	 -1.57 
 36 	 226 	 -0.52 
150 	 227 	 -2.09 
100 	 228 	 1.05 
278 	 228 	 2.09 
 71 	 232 	 -1.05 
 99 	 234 	 -2.62 
266 	 239 	 -1.57 
NaN 	 NaN 	 NaN 
145 	 246 	 1.57 
137 	 251 	 -0.79 
 13 	 261 	 3.14 
213 	 261 	 1.05 
100 	 266 	 -2.09 
255 	 267 	 1.05 
 18 	 270 	 3.14 
NaN 	 NaN 	 NaN 
211 	 270 	 -2.62 
170 	 273 	 -2.09 
NaN 	 NaN 	 NaN 
 52 	 277 	 2.36 
NaN 	 NaN 	 NaN 
284 	 281 	 2.09 
NaN 	 NaN 	 NaN 
212 	 289 	 -1.57 
137 	 290 	 3.14 
------------------------------------------------------------------- 
Bifurcations : 
------------------------------------------------------------------- 
X          Y     Angle 1     Angle 2    Angle 3 
182 	  21 	 -2.62 	 	 NaN 	 	 -0.79 
232 	  26 	 2.36 	 	 NaN 	 	 0.00 
 81 	  34 	 -2.62 	 	 -1.05 	 	 0.52 
102 	  36 	 2.62 	 	 0.79 	 	 -0.52 
 26 	  37 	 -2.62 	 	 1.05 	 	 -0.52 
175 	  37 	 -2.36 	 	 1.57 	 	 0.00 
132 	  46 	 2.36 	 	 -2.09 	 	 0.00 
 89 	  49 	 -2.62 	 	 1.05 	 	 -0.79 
244 	  55 	 3.14 	 	 -1.57 	 	 0.79 
 96 	  56 	 2.36 	 	 -2.36 	 	 0.79 
223 	  60 	 -2.62 	 	 1.57 	 	 0.00 
 74 	  62 	 -2.62 	 	 -1.05 	 	 0.79 
126 	  72 	 2.62 	 	 -1.57 	 	 0.52 
192 	  72 	 2.36 	 	 3.14 	 	 -0.52 
229 	  75 	 2.36 	 	 -2.36 	 	 0.00 
 28 	  80 	 2.36 	 	 -2.09 	 	 0.79 
 48 	  82 	 -2.62 	 	 -1.05 	 	 0.79 
137 	  83 	 3.14 	 	 -1.57 	 	 0.79 
198 	  85 	 -2.09 	 	 1.05 	 	 0.00 
167 	  88 	 -2.09 	 	 1.05 	 	 0.00 
 41 	  89 	 -2.36 	 	 1.05 	 	 -0.79 
138 	  91 	 -2.62 	 	 1.57 	 	 -0.52 
268 	  93 	 3.14 	 	 1.57 	 	 -0.52 
222 	  95 	 -2.62 	 	 1.05 	 	 -0.52 
 93 	  96 	 -2.62 	 	 2.09 	 	 -0.52 
111 	  98 	 3.14 	 	 -1.57 	 	 0.52 
 99 	 100 	 2.62 	 	 -1.57 	 	 0.00 
 69 	 101 	 2.09 	 	 -2.09 	 	 0.79 
 53 	 104 	 2.36 	 	 -1.57 	 	 0.52 
 84 	 104 	 -2.62 	 	 -1.05 	 	 0.79 
 20 	 105 	 2.36 	 	 -2.36 	 	 0.52 
 14 	 114 	 -2.36 	 	 1.57 	 	 0.00 
278 	 116 	 2.09 	 	 -2.09 	 	 -0.52 
285 	 118 	 3.14 	 	 -1.05 	 	 0.79 
115 	 119 	 3.14 	 	 1.05 	 	 -1.05 
 88 	 120 	 -2.62 	 	 0.79 	 	 -0.79 
 53 	 121 	 3.14 	 	 -1.57 	 	 0.79 
192 	 123 	 -2.36 	 	 1.05 	 	 -0.79 
226 	 133 	 3.14 	 	 -1.05 	 	 0.79 
257 	 135 	 -2.62 	 	 1.57 	 	 0.00 
267 	 137 	 2.62 	 	 -2.09 	 	 0.00 
101 	 139 	 2.62 	 	 1.05 	 	 -1.05 
279 	 139 	 3.14 	 	 -1.57 	 	 0.00 
225 	 141 	 -2.62 	 	 1.57 	 	 0.00 
235 	 142 	 3.14 	 	 -1.05 	 	 0.79 
189 	 147 	 2.09 	 	 -1.57 	 	 0.79 
263 	 147 	 -2.36 	 	 1.05 	 	 0.00 
279 	 159 	 2.36 	 	 -1.57 	 	 0.79 
 26 	 161 	 -2.62 	 	 1.57 	 	 0.00 
 13 	 164 	 -2.36 	 	 1.57 	 	 0.00 
264 	 164 	 3.14 	 	 -1.57 	 	 0.79 
155 	 169 	 -2.36 	 	 0.79 	 	 -0.79 
163 	 172 	 3.14 	 	 -1.57 	 	 1.05 
 38 	 180 	 3.14 	 	 -1.57 	 	 0.79 
 18 	 185 	 -2.36 	 	 1.57 	 	 0.52 
 37 	 186 	 -2.36 	 	 1.05 	 	 -0.52 
 15 	 193 	 -2.09 	 	 1.57 	 	 0.00 
 75 	 197 	 3.14 	 	 -2.62 	 	 -1.57 
 29 	 201 	 2.62 	 	 -1.57 	 	 0.79 
285 	 201 	 3.14 	 	 -1.57 	 	 0.79 
151 	 204 	 -2.09 	 	 1.57 	 	 0.00 
183 	 212 	 3.14 	 	 -1.57 	 	 1.05 
101 	 217 	 3.14 	 	 1.05 	 	 -0.79 
 63 	 221 	 3.14 	 	 -1.57 	 	 1.05 
 50 	 229 	 -2.36 	 	 1.57 	 	 0.00 
136 	 232 	 -2.36 	 	 2.09 	 	 0.00 
123 	 234 	 -2.36 	 	 2.09 	 	 0.00 
145 	 234 	 2.62 	 	 0.79 	 	 -0.79 
227 	 236 	 3.14 	 	 -2.09 	 	 1.05 
 70 	 238 	 3.14 	 	 -1.57 	 	 0.79 
 84 	 239 	 -2.36 	 	 2.09 	 	 0.00 
 48 	 244 	 2.09 	 	 -2.09 	 	 0.00 
 69 	 245 	 3.14 	 	 1.05 	 	 -1.05 
 83 	 245 	 2.09 	 	 -2.09 	 	 0.00 
117 	 254 	 3.14 	 	 1.05 	 	 0.00 
 87 	 255 	 2.36 	 	 3.14 	 	 0.00 
288 	 259 	 -2.36 	 	 2.09 	 	 0.00 
230 	 261 	 -2.62 	 	 1.57 	 	 -0.52 
 77 	 267 	 -2.36 	 	 1.57 	 	 -0.52 
178 	 281 	 3.14 	 	 -1.05 	 	 0.79 
 86 	 282 	 3.14 	 	 -1.05 	 	 0.79 
 80 	 284 	 3.14 	 	 -2.09 	 	 0.52 
236 	 287 	 3.14 	 	 -1.57 	 	 0.79 
131 	 289 	 -2.62 	 	 1.05 	 	 -0.52 
 81 	 290 	 2.09 	 	 -2.09 	 	 0.00 
