------------------------------------------------------------------- 
Name: 00009 
Date: 2021-05-06 
Number of Terminations: 63 
Number of Bifurcations: 182 
------------------------------------------------------------------- 
------------------------------------------------------------------- 
Terminations : 
------------------------------------------------------------------- 
X          Y     Angle 
NaN 	 NaN 	 NaN 
142 	  15 	 -0.52 
272 	  18 	 0.00 
284 	  22 	 2.09 
289 	  37 	 2.62 
132 	  39 	 -1.57 
 90 	  48 	 0.00 
181 	  62 	 0.79 
187 	  67 	 0.52 
 73 	  71 	 0.79 
174 	  72 	 1.05 
209 	  75 	 2.62 
202 	  78 	 2.09 
202 	  84 	 -2.09 
209 	 101 	 0.79 
217 	 103 	 2.62 
NaN 	 NaN 	 NaN 
 23 	 110 	 1.57 
 38 	 116 	 3.14 
 54 	 116 	 -1.57 
131 	 116 	 0.00 
NaN 	 NaN 	 NaN 
NaN 	 NaN 	 NaN 
 15 	 131 	 2.09 
189 	 131 	 2.62 
201 	 131 	 1.57 
113 	 132 	 0.52 
135 	 132 	 2.09 
263 	 135 	 3.14 
144 	 136 	 -1.05 
206 	 136 	 -1.57 
 28 	 140 	 -0.79 
248 	 148 	 2.09 
 16 	 149 	 -0.79 
188 	 152 	 3.14 
240 	 152 	 2.62 
134 	 155 	 0.00 
243 	 161 	 -1.05 
 11 	 170 	 1.57 
 82 	 175 	 -1.57 
217 	 179 	 0.52 
 30 	 181 	 -0.79 
266 	 185 	 -1.05 
 22 	 187 	 3.14 
183 	 189 	 2.09 
252 	 189 	 1.05 
285 	 201 	 1.57 
 76 	 202 	 -0.52 
144 	 204 	 -0.52 
 71 	 212 	 2.36 
NaN 	 NaN 	 NaN 
250 	 217 	 2.09 
 51 	 226 	 3.14 
 20 	 231 	 0.79 
 13 	 248 	 -0.52 
 19 	 249 	 3.14 
NaN 	 NaN 	 NaN 
 25 	 258 	 -1.57 
 39 	 268 	 1.05 
 21 	 269 	 1.57 
 61 	 280 	 0.79 
279 	 285 	 1.05 
 43 	 288 	 0.00 
------------------------------------------------------------------- 
Bifurcations : 
------------------------------------------------------------------- 
X          Y     Angle 1     Angle 2    Angle 3 
232 	  11 	 -2.62 	 	 NaN 	 	 0.00 
 55 	  14 	 3.14 	 	 1.57 	 	 -0.52 
 38 	  15 	 -2.36 	 	 1.57 	 	 0.00 
110 	  16 	 3.14 	 	 -1.57 	 	 0.52 
279 	  17 	 3.14 	 	 1.57 	 	 -0.52 
165 	  19 	 -2.62 	 	 1.57 	 	 -0.52 
 64 	  21 	 2.36 	 	 -2.36 	 	 0.52 
 13 	  23 	 2.09 	 	 -2.09 	 	 0.00 
268 	  29 	 2.62 	 	 -2.36 	 	 -0.52 
 52 	  31 	 3.14 	 	 -1.57 	 	 0.52 
 40 	  32 	 3.14 	 	 -1.05 	 	 0.79 
142 	  34 	 3.14 	 	 1.57 	 	 -0.79 
261 	  36 	 3.14 	 	 0.79 	 	 -0.79 
237 	  37 	 3.14 	 	 -2.09 	 	 0.79 
 52 	  38 	 -2.62 	 	 1.57 	 	 -0.52 
111 	  38 	 -2.36 	 	 2.09 	 	 0.00 
179 	  38 	 2.36 	 	 -2.09 	 	 0.52 
 69 	  41 	 -2.62 	 	 0.52 	 	 -0.79 
107 	  43 	 -2.62 	 	 1.05 	 	 -0.79 
 74 	  46 	 2.36 	 	 -2.09 	 	 -0.52 
250 	  46 	 2.36 	 	 -2.09 	 	 0.00 
161 	  48 	 2.36 	 	 -1.57 	 	 0.00 
213 	  50 	 2.09 	 	 -1.57 	 	 0.00 
150 	  51 	 -2.36 	 	 1.57 	 	 -0.79 
 70 	  54 	 2.62 	 	 1.05 	 	 -0.79 
 50 	  58 	 2.62 	 	 -1.57 	 	 0.00 
 79 	  59 	 2.62 	 	 -1.57 	 	 0.00 
149 	  64 	 2.62 	 	 0.79 	 	 -0.79 
 79 	  65 	 -2.36 	 	 1.57 	 	 -0.52 
126 	  67 	 3.14 	 	 1.05 	 	 -0.79 
215 	  67 	 2.09 	 	 -1.57 	 	 0.00 
 91 	  73 	 2.36 	 	 -1.57 	 	 0.00 
275 	  73 	 -2.62 	 	 1.57 	 	 0.00 
115 	  75 	 3.14 	 	 1.57 	 	 -0.52 
184 	  76 	 3.14 	 	 1.57 	 	 -0.52 
258 	  76 	 3.14 	 	 -1.05 	 	 0.79 
128 	  80 	 3.14 	 	 0.79 	 	 -0.79 
 89 	  81 	 -2.62 	 	 1.57 	 	 -0.79 
176 	  81 	 3.14 	 	 0.79 	 	 -0.52 
 63 	  83 	 -2.62 	 	 1.57 	 	 -0.52 
 82 	  83 	 3.14 	 	 -1.57 	 	 0.00 
 97 	  83 	 -2.62 	 	 1.57 	 	 -0.52 
199 	  91 	 -2.62 	 	 1.05 	 	 -0.79 
111 	  92 	 2.36 	 	 -2.36 	 	 0.00 
146 	  92 	 2.62 	 	 0.79 	 	 -0.79 
281 	  93 	 -2.36 	 	 1.57 	 	 -0.79 
128 	  95 	 2.62 	 	 0.79 	 	 -0.79 
273 	 101 	 2.62 	 	 0.79 	 	 -0.79 
 34 	 102 	 2.62 	 	 -1.57 	 	 0.52 
181 	 104 	 2.36 	 	 -1.57 	 	 0.00 
118 	 108 	 2.62 	 	 -2.09 	 	 0.00 
 68 	 109 	 3.14 	 	 -1.57 	 	 0.00 
 77 	 110 	 2.62 	 	 -1.57 	 	 0.52 
170 	 112 	 2.36 	 	 -2.62 	 	 -0.79 
 32 	 115 	 -2.62 	 	 1.57 	 	 -0.52 
107 	 115 	 3.14 	 	 -1.57 	 	 0.00 
123 	 124 	 3.14 	 	 -2.36 	 	 0.00 
 46 	 125 	 3.14 	 	 -1.57 	 	 0.52 
 92 	 125 	 3.14 	 	 -1.57 	 	 0.00 
 98 	 125 	 -2.62 	 	 1.05 	 	 -0.52 
131 	 127 	 2.62 	 	 1.05 	 	 -0.79 
178 	 127 	 -2.36 	 	 1.57 	 	 -0.52 
169 	 129 	 2.36 	 	 -1.57 	 	 0.00 
 30 	 132 	 3.14 	 	 -1.57 	 	 0.79 
154 	 132 	 2.62 	 	 1.05 	 	 -0.79 
119 	 133 	 3.14 	 	 1.57 	 	 -0.79 
 57 	 134 	 3.14 	 	 1.05 	 	 -0.79 
224 	 136 	 2.09 	 	 -1.57 	 	 0.52 
 47 	 138 	 -2.62 	 	 1.57 	 	 0.52 
162 	 140 	 2.62 	 	 -1.57 	 	 0.00 
245 	 142 	 3.14 	 	 1.57 	 	 -0.79 
 34 	 143 	 3.14 	 	 1.57 	 	 0.00 
133 	 147 	 2.62 	 	 -2.36 	 	 -0.52 
152 	 149 	 -2.36 	 	 2.09 	 	 -0.52 
170 	 153 	 2.36 	 	 -1.05 	 	 0.00 
262 	 154 	 3.14 	 	 1.57 	 	 -0.52 
217 	 155 	 2.36 	 	 -2.36 	 	 0.00 
124 	 156 	 2.36 	 	 0.79 	 	 -0.52 
 78 	 157 	 3.14 	 	 1.57 	 	 -0.52 
 13 	 161 	 2.62 	 	 -2.09 	 	 0.52 
 87 	 165 	 -2.62 	 	 1.57 	 	 -0.52 
114 	 165 	 2.36 	 	 -1.57 	 	 0.00 
206 	 166 	 2.36 	 	 -2.36 	 	 0.00 
121 	 172 	 3.14 	 	 1.05 	 	 -1.05 
232 	 172 	 3.14 	 	 1.57 	 	 -0.52 
 98 	 173 	 2.36 	 	 -2.09 	 	 0.00 
281 	 174 	 2.36 	 	 -2.09 	 	 0.52 
290 	 177 	 2.36 	 	 -2.09 	 	 -0.52 
153 	 179 	 3.14 	 	 1.57 	 	 -1.05 
 92 	 181 	 2.62 	 	 1.05 	 	 -0.79 
250 	 181 	 3.14 	 	 1.57 	 	 -1.05 
127 	 182 	 2.36 	 	 -2.09 	 	 0.00 
280 	 182 	 2.09 	 	 -1.57 	 	 0.00 
240 	 183 	 -2.09 	 	 1.57 	 	 0.00 
 15 	 185 	 3.14 	 	 1.05 	 	 -0.52 
 35 	 186 	 2.36 	 	 -2.09 	 	 0.79 
201 	 188 	 2.36 	 	 -1.05 	 	 0.52 
 51 	 189 	 -2.36 	 	 1.05 	 	 -0.52 
230 	 191 	 2.36 	 	 -1.57 	 	 0.00 
240 	 191 	 3.14 	 	 0.79 	 	 -0.79 
 65 	 193 	 3.14 	 	 -1.05 	 	 0.79 
 85 	 193 	 3.14 	 	 1.57 	 	 -1.05 
157 	 193 	 3.14 	 	 -1.05 	 	 0.79 
 46 	 197 	 -2.36 	 	 1.57 	 	 -0.52 
244 	 199 	 3.14 	 	 1.57 	 	 -1.05 
233 	 200 	 2.09 	 	 -1.57 	 	 0.00 
178 	 204 	 3.14 	 	 2.09 	 	 -1.05 
259 	 205 	 3.14 	 	 1.05 	 	 -0.79 
222 	 207 	 2.36 	 	 -2.09 	 	 0.00 
164 	 208 	 -2.36 	 	 2.09 	 	 0.00 
171 	 208 	 3.14 	 	 -1.57 	 	 0.52 
247 	 211 	 3.14 	 	 1.57 	 	 -1.05 
264 	 212 	 2.36 	 	 -2.09 	 	 0.00 
183 	 213 	 -2.62 	 	 2.09 	 	 -0.79 
222 	 214 	 3.14 	 	 1.57 	 	 -1.05 
240 	 214 	 2.36 	 	 -2.09 	 	 0.52 
 89 	 215 	 3.14 	 	 1.05 	 	 -0.79 
211 	 215 	 2.36 	 	 -1.57 	 	 0.00 
 79 	 216 	 2.09 	 	 -2.09 	 	 0.00 
 42 	 219 	 -2.36 	 	 1.57 	 	 -0.79 
196 	 219 	 3.14 	 	 1.05 	 	 -0.79 
266 	 219 	 2.36 	 	 -2.09 	 	 0.00 
 63 	 220 	 2.36 	 	 -1.57 	 	 0.00 
119 	 220 	 2.36 	 	 -2.09 	 	 0.00 
 93 	 221 	 2.36 	 	 -2.09 	 	 0.00 
103 	 221 	 3.14 	 	 -1.05 	 	 0.79 
213 	 224 	 2.09 	 	 -1.57 	 	 0.00 
225 	 224 	 3.14 	 	 1.05 	 	 -0.79 
185 	 225 	 3.14 	 	 1.05 	 	 -0.79 
177 	 226 	 2.36 	 	 -1.57 	 	 0.00 
 34 	 227 	 2.36 	 	 -1.05 	 	 0.79 
 88 	 229 	 3.14 	 	 0.79 	 	 -0.79 
155 	 229 	 2.62 	 	 -2.09 	 	 1.57 
 61 	 230 	 -2.36 	 	 1.05 	 	 0.00 
290 	 230 	 3.14 	 	 0.79 	 	 -0.79 
 72 	 231 	 3.14 	 	 -1.57 	 	 0.79 
263 	 231 	 -2.62 	 	 1.05 	 	 -0.79 
281 	 231 	 2.09 	 	 -2.09 	 	 0.00 
190 	 233 	 2.09 	 	 -2.09 	 	 0.00 
200 	 233 	 3.14 	 	 1.05 	 	 -0.79 
215 	 233 	 2.09 	 	 -1.57 	 	 0.00 
166 	 237 	 3.14 	 	 -1.57 	 	 0.00 
118 	 238 	 3.14 	 	 -1.05 	 	 0.79 
283 	 238 	 -2.36 	 	 2.09 	 	 0.00 
135 	 239 	 2.36 	 	 -1.57 	 	 0.00 
289 	 240 	 2.36 	 	 3.14 	 	 1.05 
231 	 241 	 -2.36 	 	 1.57 	 	 0.00 
252 	 241 	 3.14 	 	 1.57 	 	 -0.79 
240 	 244 	 3.14 	 	 -1.57 	 	 1.05 
135 	 246 	 -2.36 	 	 1.57 	 	 0.52 
149 	 246 	 2.36 	 	 -2.09 	 	 0.00 
278 	 247 	 3.14 	 	 1.05 	 	 -1.05 
 84 	 252 	 2.36 	 	 -1.57 	 	 0.00 
 90 	 252 	 3.14 	 	 1.05 	 	 0.00 
179 	 252 	 3.14 	 	 1.05 	 	 -1.05 
193 	 253 	 -2.36 	 	 1.57 	 	 0.00 
 96 	 254 	 2.36 	 	 -1.57 	 	 0.52 
157 	 254 	 3.14 	 	 1.57 	 	 -1.05 
201 	 254 	 3.14 	 	 1.05 	 	 -0.79 
232 	 255 	 2.36 	 	 -2.09 	 	 0.00 
252 	 255 	 3.14 	 	 1.05 	 	 -0.79 
 82 	 259 	 -2.36 	 	 1.05 	 	 -0.52 
135 	 259 	 2.36 	 	 -2.09 	 	 0.00 
172 	 259 	 2.09 	 	 -2.09 	 	 0.00 
218 	 262 	 -2.36 	 	 1.57 	 	 0.00 
 54 	 264 	 -2.36 	 	 2.09 	 	 0.00 
 66 	 264 	 3.14 	 	 1.57 	 	 -1.05 
100 	 268 	 -2.62 	 	 -1.05 	 	 0.79 
 70 	 269 	 2.36 	 	 -2.36 	 	 -0.52 
201 	 269 	 -2.09 	 	 1.57 	 	 0.00 
224 	 273 	 3.14 	 	 -1.57 	 	 0.79 
 47 	 274 	 3.14 	 	 -1.05 	 	 0.79 
159 	 274 	 2.09 	 	 -2.09 	 	 0.00 
216 	 274 	 2.36 	 	 -2.09 	 	 0.00 
101 	 279 	 3.14 	 	 0.79 	 	 -0.79 
122 	 280 	 -2.36 	 	 2.09 	 	 0.00 
228 	 281 	 2.36 	 	 -2.36 	 	 0.00 
144 	 284 	 3.14 	 	 1.05 	 	 -0.79 
158 	 284 	 -2.36 	 	 1.57 	 	 0.00 
 49 	 285 	 -2.36 	 	 2.09 	 	 0.00 
 60 	 288 	 2.62 	 	 -2.09 	 	 0.00 
246 	 290 	 -2.62 	 	 1.57 	 	 0.00 
