------------------------------------------------------------------- 
Name: FP1 
Date: 2021-05-06 
Number of Terminations: 291 
Number of Bifurcations:  1 
------------------------------------------------------------------- 
------------------------------------------------------------------- 
Terminations : 
------------------------------------------------------------------- 
X          Y     Angle 
 88 	  11 	 2.62 
101 	  11 	 -0.79 
194 	  12 	 -1.05 
 15 	  13 	 3.14 
 41 	  13 	 -0.52 
 51 	  13 	 -2.62 
154 	  13 	 0.00 
269 	  13 	 -1.05 
 32 	  14 	 3.14 
NaN 	 NaN 	 NaN 
287 	  14 	 2.09 
 22 	  15 	 0.00 
NaN 	 NaN 	 NaN 
228 	  20 	 -0.79 
 78 	  21 	 3.14 
 66 	  22 	 0.52 
179 	  22 	 -0.79 
 49 	  24 	 3.14 
 90 	  24 	 0.00 
 29 	  25 	 0.00 
189 	  25 	 -2.62 
236 	  25 	 3.14 
NaN 	 NaN 	 NaN 
154 	  26 	 2.62 
211 	  26 	 2.09 
 16 	  27 	 -2.62 
NaN 	 NaN 	 NaN 
123 	  29 	 -0.52 
286 	  29 	 2.62 
198 	  30 	 -0.52 
164 	  31 	 0.52 
NaN 	 NaN 	 NaN 
210 	  37 	 3.14 
 22 	  38 	 0.00 
 80 	  38 	 3.14 
 90 	  38 	 0.00 
101 	  39 	 3.14 
230 	  39 	 0.00 
NaN 	 NaN 	 NaN 
257 	  40 	 -1.05 
109 	  41 	 0.00 
160 	  43 	 2.62 
190 	  43 	 2.62 
NaN 	 NaN 	 NaN 
170 	  47 	 0.00 
 44 	  48 	 3.14 
 60 	  48 	 0.00 
220 	  48 	 0.00 
280 	  48 	 2.09 
 28 	  50 	 0.00 
178 	  51 	 2.62 
 16 	  52 	 3.14 
229 	  52 	 2.09 
 96 	  54 	 3.14 
201 	  54 	 0.00 
273 	  56 	 -1.05 
116 	  57 	 0.52 
NaN 	 NaN 	 NaN 
134 	  60 	 2.62 
 31 	  61 	 -2.62 
 24 	  63 	 0.00 
281 	  63 	 2.36 
199 	  65 	 -1.05 
NaN 	 NaN 	 NaN 
NaN 	 NaN 	 NaN 
246 	  67 	 2.09 
 87 	  70 	 0.00 
116 	  70 	 2.62 
157 	  70 	 -0.79 
 68 	  71 	 -2.62 
235 	  71 	 -1.05 
124 	  72 	 0.00 
290 	  73 	 -1.05 
 41 	  74 	 0.00 
 19 	  75 	 0.00 
 28 	  75 	 3.14 
240 	  75 	 2.62 
168 	  77 	 2.62 
 11 	  78 	 3.14 
257 	  78 	 -0.79 
172 	  83 	 0.00 
NaN 	 NaN 	 NaN 
215 	  84 	 2.09 
 37 	  85 	 0.00 
 46 	  85 	 -2.62 
120 	  85 	 0.00 
233 	  86 	 2.09 
155 	  88 	 2.09 
203 	  88 	 2.62 
NaN 	 NaN 	 NaN 
266 	  94 	 1.57 
 58 	  96 	 3.14 
174 	  96 	 -1.05 
NaN 	 NaN 	 NaN 
 94 	  97 	 -2.62 
NaN 	 NaN 	 NaN 
103 	  98 	 0.79 
257 	  98 	 -1.57 
 31 	  99 	 0.00 
 86 	  99 	 0.52 
 71 	 100 	 -2.36 
121 	 100 	 2.62 
225 	 100 	 -0.52 
 15 	 101 	 -2.62 
156 	 103 	 2.09 
NaN 	 NaN 	 NaN 
259 	 104 	 2.09 
198 	 105 	 -0.79 
188 	 108 	 2.62 
144 	 109 	 -0.52 
276 	 109 	 -1.57 
289 	 109 	 -1.57 
 89 	 110 	 -2.62 
233 	 111 	 1.57 
 97 	 112 	 0.00 
118 	 112 	 2.62 
NaN 	 NaN 	 NaN 
 32 	 113 	 0.00 
 14 	 114 	 -2.62 
 81 	 114 	 0.00 
248 	 115 	 1.57 
 74 	 117 	 2.62 
157 	 118 	 -1.05 
176 	 118 	 -1.05 
NaN 	 NaN 	 NaN 
280 	 120 	 2.09 
136 	 121 	 0.00 
143 	 122 	 3.14 
241 	 122 	 -2.09 
NaN 	 NaN 	 NaN 
212 	 123 	 2.62 
NaN 	 NaN 	 NaN 
198 	 124 	 -1.05 
 69 	 127 	 -2.62 
NaN 	 NaN 	 NaN 
125 	 128 	 2.62 
150 	 128 	 -1.05 
258 	 128 	 -2.09 
166 	 131 	 1.57 
 27 	 132 	 1.57 
217 	 132 	 -1.05 
285 	 135 	 -1.05 
 17 	 136 	 -2.62 
143 	 138 	 -1.05 
244 	 138 	 1.57 
274 	 138 	 -1.05 
105 	 140 	 -2.62 
 65 	 141 	 0.79 
116 	 141 	 -0.52 
 56 	 144 	 3.14 
 29 	 145 	 1.57 
261 	 145 	 1.57 
NaN 	 NaN 	 NaN 
NaN 	 NaN 	 NaN 
132 	 147 	 2.36 
207 	 148 	 1.57 
 86 	 149 	 0.52 
 18 	 151 	 3.14 
NaN 	 NaN 	 NaN 
264 	 152 	 -2.09 
182 	 154 	 -0.79 
236 	 154 	 -1.05 
125 	 155 	 3.14 
NaN 	 NaN 	 NaN 
213 	 155 	 -1.57 
101 	 157 	 0.00 
187 	 158 	 2.62 
226 	 158 	 -1.57 
132 	 159 	 -0.52 
275 	 159 	 1.05 
 90 	 161 	 -2.62 
 70 	 164 	 0.00 
240 	 164 	 2.09 
146 	 165 	 2.09 
NaN 	 NaN 	 NaN 
 16 	 166 	 0.52 
162 	 168 	 -1.57 
 57 	 169 	 -2.62 
NaN 	 NaN 	 NaN 
NaN 	 NaN 	 NaN 
188 	 171 	 -1.05 
 26 	 173 	 -2.36 
215 	 174 	 1.57 
NaN 	 NaN 	 NaN 
 47 	 175 	 0.52 
150 	 175 	 -2.09 
204 	 176 	 2.09 
190 	 178 	 1.57 
241 	 178 	 -1.57 
 82 	 179 	 -2.62 
254 	 179 	 1.57 
124 	 181 	 1.05 
 99 	 182 	 0.52 
149 	 182 	 2.09 
 13 	 183 	 0.79 
202 	 184 	 -1.05 
 74 	 185 	 0.79 
165 	 187 	 2.09 
280 	 187 	 -1.57 
 90 	 189 	 3.14 
NaN 	 NaN 	 NaN 
227 	 190 	 0.79 
NaN 	 NaN 	 NaN 
121 	 191 	 3.14 
107 	 192 	 -2.36 
190 	 192 	 -1.57 
150 	 193 	 -2.62 
 61 	 194 	 -2.36 
201 	 197 	 1.05 
215 	 197 	 -1.57 
 35 	 198 	 -2.36 
 56 	 199 	 1.05 
145 	 199 	 1.05 
176 	 199 	 -2.36 
 75 	 202 	 1.05 
266 	 202 	 1.05 
279 	 202 	 1.57 
200 	 203 	 -1.57 
228 	 203 	 -2.09 
158 	 205 	 -1.57 
 41 	 206 	 -2.09 
 64 	 206 	 -2.62 
188 	 207 	 2.09 
 25 	 208 	 1.05 
265 	 212 	 -1.05 
 13 	 213 	 -2.09 
 56 	 215 	 0.79 
212 	 216 	 1.57 
150 	 221 	 0.79 
238 	 222 	 1.05 
 99 	 224 	 1.05 
115 	 224 	 1.57 
130 	 224 	 -2.09 
NaN 	 NaN 	 NaN 
 57 	 228 	 0.00 
223 	 228 	 1.57 
NaN 	 NaN 	 NaN 
150 	 231 	 -2.36 
178 	 231 	 -2.09 
289 	 232 	 -1.57 
 12 	 235 	 -2.62 
221 	 236 	 -2.09 
 99 	 237 	 -1.05 
265 	 239 	 2.09 
 23 	 240 	 -2.09 
 66 	 241 	 -2.62 
 85 	 241 	 -2.62 
NaN 	 NaN 	 NaN 
205 	 242 	 -2.09 
290 	 244 	 1.05 
 15 	 245 	 0.52 
 40 	 245 	 -2.36 
181 	 247 	 -2.36 
279 	 250 	 -2.09 
 32 	 251 	 0.52 
228 	 253 	 1.05 
189 	 254 	 1.57 
264 	 255 	 -1.57 
 46 	 256 	 0.52 
 65 	 256 	 0.52 
107 	 256 	 1.05 
NaN 	 NaN 	 NaN 
240 	 257 	 1.57 
NaN 	 NaN 	 NaN 
 78 	 261 	 -0.52 
133 	 261 	 -2.09 
186 	 262 	 -2.09 
276 	 262 	 1.05 
250 	 264 	 1.05 
117 	 265 	 -2.36 
226 	 265 	 -2.09 
 48 	 271 	 -2.62 
170 	 271 	 1.05 
208 	 272 	 1.05 
221 	 274 	 1.05 
 42 	 276 	 0.79 
125 	 277 	 1.05 
 22 	 278 	 -2.36 
 62 	 279 	 -2.62 
 85 	 281 	 0.52 
164 	 281 	 -2.09 
150 	 283 	 1.05 
204 	 283 	 -1.57 
259 	 284 	 2.09 
NaN 	 NaN 	 NaN 
 32 	 286 	 -2.36 
131 	 288 	 -2.36 
 49 	 289 	 0.52 
114 	 289 	 -2.62 
270 	 289 	 -1.57 
 96 	 290 	 1.05 
------------------------------------------------------------------- 
Bifurcations : 
------------------------------------------------------------------- 
X          Y     Angle 1     Angle 2    Angle 3 
127 	 174 	 2.36 	 	 -2.09 	 	 0.52 
